refresh_rate=72.000000
experimental_rumble_enabled=1
gamma=1.100000
contrast=1.100000
saturation=0.700000
brightness=1.000000
screen_curve=0.000000
tilt_x=0.000000
tilt_y=0.000000
immersive_beta_enabled=0
layers_3d=0
depthmap=0
depthmap_mirror=0
upscale=0
passthrough=1
ambilight=1
auto_frame_skip=0
emu_resolution_scale=1
vr_resolution_scale=1.000000
layer_filter_mode=-1
layer_auto_dup_percent=75
num_layers=7
layer_depth_0=1.199473
layer_width_0=1.789072
layer_copies_count_0=5
layer_copy_0_0=0.003000
layer_copy_0_1=0.006000
layer_copy_0_2=0.009000
layer_copy_0_3=0.012000
layer_copy_0_4=0.015000
layer_order_0=4
layer_enabled_0=1
layer_ambilight_0=1
layer_depth_1=0.256655
layer_width_1=1.789072
layer_copies_count_1=5
layer_copy_1_0=0.003000
layer_copy_1_1=0.006000
layer_copy_1_2=0.009000
layer_copy_1_3=0.012000
layer_copy_1_4=0.015000
layer_order_1=6
layer_enabled_1=1
layer_ambilight_1=1
layer_depth_2=0.256655
layer_width_2=1.789072
layer_copies_count_2=5
layer_copy_2_0=0.003000
layer_copy_2_1=0.006000
layer_copy_2_2=0.009000
layer_copy_2_3=0.012000
layer_copy_2_4=0.015000
layer_order_2=3
layer_enabled_2=1
layer_ambilight_2=1
layer_depth_3=0.256655
layer_width_3=1.789072
layer_copies_count_3=5
layer_copy_3_0=0.003000
layer_copy_3_1=0.006000
layer_copy_3_2=0.009000
layer_copy_3_3=0.012000
layer_copy_3_4=0.015000
layer_order_3=5
layer_enabled_3=1
layer_ambilight_3=1
layer_depth_4=0.256655
layer_width_4=1.789072
layer_copies_count_4=5
layer_copy_4_0=0.003000
layer_copy_4_1=0.006000
layer_copy_4_2=0.009000
layer_copy_4_3=0.012000
layer_copy_4_4=0.015000
layer_order_4=2
layer_enabled_4=1
layer_ambilight_4=1
layer_depth_5=0.256655
layer_width_5=1.789072
layer_copies_count_5=5
layer_copy_5_0=0.003000
layer_copy_5_1=0.006000
layer_copy_5_2=0.009000
layer_copy_5_3=0.012000
layer_copy_5_4=0.015000
layer_order_5=1
layer_enabled_5=1
layer_ambilight_5=1
layer_depth_6=0.256655
layer_width_6=1.789072
layer_copies_count_6=5
layer_copy_6_0=0.003000
layer_copy_6_1=0.006000
layer_copy_6_2=0.009000
layer_copy_6_3=0.012000
layer_copy_6_4=0.015000
layer_order_6=0
layer_enabled_6=1
layer_ambilight_6=1
btn_map_snes_0=1
btn_map_genesis_0=2
btn_map_snes_1=7
btn_map_genesis_1=1
btn_map_snes_2=2
btn_map_genesis_2=7
btn_map_snes_3=8
btn_map_genesis_3=8
btn_map_snes_4=6
btn_map_genesis_4=6
btn_map_snes_5=5
btn_map_genesis_5=5
btn_map_snes_6=3
btn_map_genesis_6=3
btn_map_snes_7=4
btn_map_genesis_7=4
btn_map_snes_8=13
btn_map_genesis_8=13
btn_map_snes_9=14
btn_map_genesis_9=14
btn_map_snes_10=15
btn_map_genesis_10=15
btn_map_snes_11=16
btn_map_genesis_11=16
