name_1=Diorama
canvas_x_1=0.000000
canvas_y_1=0.000000
canvas_az_1=0.000000
canvas_el_1=0.000000
canvas_scale_1=1.000000
near_depth_1=0.256655
far_depth_1=1.199473
quad_width_1=1.789072
copy_count_1=5
immersive_beta_enabled_1=0
upscale_1=0
ambilight_1=1
passthrough_1=1
depthmap_1=0
layers_3d_1=0
gamma_1=1.100000
contrast_1=1.100000
saturation_1=0.700000
brightness_1=1.000000
name_2=Curved Zoom
canvas_x_2=0.000000
canvas_y_2=0.000000
canvas_az_2=0.000000
canvas_el_2=0.000000
canvas_scale_2=1.000000
near_depth_2=2.204884
far_depth_2=10.918751
quad_width_2=11.325996
copy_count_2=10
immersive_beta_enabled_2=1
upscale_2=0
ambilight_2=1
passthrough_2=0
depthmap_2=1
layers_3d_2=0
gamma_2=1.100000
contrast_2=1.100000
saturation_2=0.700000
brightness_2=1.000000
